0000000000
0000000100
0000000110
0000001000
0000001100
0000001110
0000010000
0000010100
0000010110
0000011000
0000011100
0000011110
0000012100
0000012110
0000013100
0000013110
0000014100
0000014110
0000100000
0000100100
0000100110
0000101000
0000101100
0000101110
0000110000
0000110100
0000110110
0000111000
0000111100
0000111110
0000112100
0000112110
0000113100
0000113110
0000114100
0000114110
0001000000
0001000100
0001000110
0001001000
0001001100
0001001110
0001010000
0001010100
0001010110
0001011000
0001011100
0001011110
0001012100
0001012110
0001013100
0001013110
0001014100
0001014110
0001100000
0001100100
0001100110
0001101000
0001101100
0001101110
0001110000
0001110100
0001110110
0001111000
0001111100
0001111110
0001112100
0001112110
0001113100
0001113110
0001114100
0001114110
0001210000
0001210100
0001210110
0001211000
0001211100
0001211110
0001212100
0001212110
0001213100
0001213110
0001214100
0001214110
0001310000
0001310100
0001310110
0001311000
0001311100
0001311110
0001312100
0001312110
0001313100
0001313110
0001314100
0001314110
0001410000
0001410100
0001410110
0001411000
0001411100
0001411110
0001412100
0001412110
0001413100
0001413110
0001414100
0001414110
0010000000
0010000100
0010000110
0010001000
0010001100
0010001110
0010010000
0010010100
0010010110
0010011000
0010011100
0010011110
0010012100
0010012110
0010013100
0010013110
0010014100
0010014110
0010100000
0010100100
0010100110
0010101000
0010101100
0010101110
0010110000
0010110100
0010110110
0010111000
0010111100
0010111110
0010112100
0010112110
0010113100
0010113110
0010114100
0010114110
0011000000
0011000100
0011000110
0011001000
0011001100
0011001110
0011010000
0011010100
0011010110
0011011000
0011011100
0011011110
0011012100
0011012110
0011013100
0011013110
0011014100
0011014110
0011100000
0011100100
0011100110
0011101000
0011101100
0011101110
0011110000
0011110100
0011110110
0011111000
0011111100
0011111110
0011112100
0011112110
0011113100
0011113110
0011114100
0011114110
0011210000
0011210100
0011210110
0011211000
0011211100
0011211110
0011212100
0011212110
0011213100
0011213110
0011214100
0011214110
0011310000
0011310100
0011310110
0011311000
0011311100
0011311110
0011312100
0011312110
0011313100
0011313110
0011314100
0011314110
0011410000
0011410100
0011410110
0011411000
0011411100
0011411110
0011412100
0011412110
0011413100
0011413110
0011414100
0011414110
0100000000
0100000100
0100000110
0100001000
0100001100
0100001110
0100010000
0100010100
0100010110
0100011000
0100011100
0100011110
0100012100
0100012110
0100013100
0100013110
0100014100
0100014110
0100100000
0100100100
0100100110
0100101000
0100101100
0100101110
0100110000
0100110100
0100110110
0100111000
0100111100
0100111110
0100112100
0100112110
0100113100
0100113110
0100114100
0100114110
0101000000
0101000100
0101000110
0101001000
0101001100
0101001110
0101010000
0101010100
0101010110
0101011000
0101011100
0101011110
0101012100
0101012110
0101013100
0101013110
0101014100
0101014110
0101100000
0101100100
0101100110
0101101000
0101101100
0101101110
0101110000
0101110100
0101110110
0101111000
0101111100
0101111110
0101112100
0101112110
0101113100
0101113110
0101114100
0101114110
0101210000
0101210100
0101210110
0101211000
0101211100
0101211110
0101212100
0101212110
0101213100
0101213110
0101214100
0101214110
0101310000
0101310100
0101310110
0101311000
0101311100
0101311110
0101312100
0101312110
0101313100
0101313110
0101314100
0101314110
0101410000
0101410100
0101410110
0101411000
0101411100
0101411110
0101412100
0101412110
0101413100
0101413110
0101414100
0101414110
0110000000
0110000100
0110000110
0110001000
0110001100
0110001110
0110010000
0110010100
0110010110
0110011000
0110011100
0110011110
0110012100
0110012110
0110013100
0110013110
0110014100
0110014110
0110100000
0110100100
0110100110
0110101000
0110101100
0110101110
0110110000
0110110100
0110110110
0110111000
0110111100
0110111110
0110112100
0110112110
0110113100
0110113110
0110114100
0110114110
0111000000
0111000100
0111000110
0111001000
0111001100
0111001110
0111010000
0111010100
0111010110
0111011000
0111011100
0111011110
0111012100
0111012110
0111013100
0111013110
0111014100
0111014110
0111100000
0111100100
0111100110
0111101000
0111101100
0111101110
0111110000
0111110100
0111110110
0111111000
0111111100
0111111110
0111112100
0111112110
0111113100
0111113110
0111114100
0111114110
0111210000
0111210100
0111210110
0111211000
0111211100
0111211110
0111212100
0111212110
0111213100
0111213110
0111214100
0111214110
0111310000
0111310100
0111310110
0111311000
0111311100
0111311110
0111312100
0111312110
0111313100
0111313110
0111314100
0111314110
0111410000
0111410100
0111410110
0111411000
0111411100
0111411110
0111412100
0111412110
0111413100
0111413110
0111414100
0111414110
0121000000
0121000100
0121000110
0121001000
0121001100
0121001110
0121010000
0121010100
0121010110
0121011000
0121011100
0121011110
0121012100
0121012110
0121013100
0121013110
0121014100
0121014110
0121100000
0121100100
0121100110
0121101000
0121101100
0121101110
0121110000
0121110100
0121110110
0121111000
0121111100
0121111110
0121112100
0121112110
0121113100
0121113110
0121114100
0121114110
0121210000
0121210100
0121210110
0121211000
0121211100
0121211110
0121212100
0121212110
0121213100
0121213110
0121214100
0121214110
0121310000
0121310100
0121310110
0121311000
0121311100
0121311110
0121312100
0121312110
0121313100
0121313110
0121314100
0121314110
0121410000
0121410100
0121410110
0121411000
0121411100
0121411110
0121412100
0121412110
0121413100
0121413110
0121414100
0121414110
0131000000
0131000100
0131000110
0131001000
0131001100
0131001110
0131010000
0131010100
0131010110
0131011000
0131011100
0131011110
0131012100
0131012110
0131013100
0131013110
0131014100
0131014110
0131100000
0131100100
0131100110
0131101000
0131101100
0131101110
0131110000
0131110100
0131110110
0131111000
0131111100
0131111110
0131112100
0131112110
0131113100
0131113110
0131114100
0131114110
0131210000
0131210100
0131210110
0131211000
0131211100
0131211110
0131212100
0131212110
0131213100
0131213110
0131214100
0131214110
0131310000
0131310100
0131310110
0131311000
0131311100
0131311110
0131312100
0131312110
0131313100
0131313110
0131314100
0131314110
0131410000
0131410100
0131410110
0131411000
0131411100
0131411110
0131412100
0131412110
0131413100
0131413110
0131414100
0131414110
0141000000
0141000100
0141000110
0141001000
0141001100
0141001110
0141010000
0141010100
0141010110
0141011000
0141011100
0141011110
0141012100
0141012110
0141013100
0141013110
0141014100
0141014110
0141100000
0141100100
0141100110
0141101000
0141101100
0141101110
0141110000
0141110100
0141110110
0141111000
0141111100
0141111110
0141112100
0141112110
0141113100
0141113110
0141114100
0141114110
0141210000
0141210100
0141210110
0141211000
0141211100
0141211110
0141212100
0141212110
0141213100
0141213110
0141214100
0141214110
0141310000
0141310100
0141310110
0141311000
0141311100
0141311110
0141312100
0141312110
0141313100
0141313110
0141314100
0141314110
0141410000
0141410100
0141410110
0141411000
0141411100
0141411110
0141412100
0141412110
0141413100
0141413110
0141414100
0141414110
1000000000
1000000100
1000000110
1000001000
1000001100
1000001110
1000010000
1000010100
1000010110
1000011000
1000011100
1000011110
1000012100
1000012110
1000013100
1000013110
1000014100
1000014110
1000100000
1000100100
1000100110
1000101000
1000101100
1000101110
1000110000
1000110100
1000110110
1000111000
1000111100
1000111110
1000112100
1000112110
1000113100
1000113110
1000114100
1000114110
1001000000
1001000100
1001000110
1001001000
1001001100
1001001110
1001010000
1001010100
1001010110
1001011000
1001011100
1001011110
1001012100
1001012110
1001013100
1001013110
1001014100
1001014110
1001100000
1001100100
1001100110
1001101000
1001101100
1001101110
1001110000
1001110100
1001110110
1001111000
1001111100
1001111110
1001112100
1001112110
1001113100
1001113110
1001114100
1001114110
1001210000
1001210100
1001210110
1001211000
1001211100
1001211110
1001212100
1001212110
1001213100
1001213110
1001214100
1001214110
1001310000
1001310100
1001310110
1001311000
1001311100
1001311110
1001312100
1001312110
1001313100
1001313110
1001314100
1001314110
1001410000
1001410100
1001410110
1001411000
1001411100
1001411110
1001412100
1001412110
1001413100
1001413110
1001414100
1001414110
1010000000
1010000100
1010000110
1010001000
1010001100
1010001110
1010010000
1010010100
1010010110
1010011000
1010011100
1010011110
1010012100
1010012110
1010013100
1010013110
1010014100
1010014110
1010100000
1010100100
1010100110
1010101000
1010101100
1010101110
1010110000
1010110100
1010110110
1010111000
1010111100
1010111110
1010112100
1010112110
1010113100
1010113110
1010114100
1010114110
1011000000
1011000100
1011000110
1011001000
1011001100
1011001110
1011010000
1011010100
1011010110
1011011000
1011011100
1011011110
1011012100
1011012110
1011013100
1011013110
1011014100
1011014110
1011100000
1011100100
1011100110
1011101000
1011101100
1011101110
1011110000
1011110100
1011110110
1011111000
1011111100
1011111110
1011112100
1011112110
1011113100
1011113110
1011114100
1011114110
1011210000
1011210100
1011210110
1011211000
1011211100
1011211110
1011212100
1011212110
1011213100
1011213110
1011214100
1011214110
1011310000
1011310100
1011310110
1011311000
1011311100
1011311110
1011312100
1011312110
1011313100
1011313110
1011314100
1011314110
1011410000
1011410100
1011410110
1011411000
1011411100
1011411110
1011412100
1011412110
1011413100
1011413110
1011414100
1011414110
1100000000
1100000100
1100000110
1100001000
1100001100
1100001110
1100010000
1100010100
1100010110
1100011000
1100011100
1100011110
1100012100
1100012110
1100013100
1100013110
1100014100
1100014110
1100100000
1100100100
1100100110
1100101000
1100101100
1100101110
1100110000
1100110100
1100110110
1100111000
1100111100
1100111110
1100112100
1100112110
1100113100
1100113110
1100114100
1100114110
1101000000
1101000100
1101000110
1101001000
1101001100
1101001110
1101010000
1101010100
1101010110
1101011000
1101011100
1101011110
1101012100
1101012110
1101013100
1101013110
1101014100
1101014110
1101100000
1101100100
1101100110
1101101000
1101101100
1101101110
1101110000
1101110100
1101110110
1101111000
1101111100
1101111110
1101112100
1101112110
1101113100
1101113110
1101114100
1101114110
1101210000
1101210100
1101210110
1101211000
1101211100
1101211110
1101212100
1101212110
1101213100
1101213110
1101214100
1101214110
1101310000
1101310100
1101310110
1101311000
1101311100
1101311110
1101312100
1101312110
1101313100
1101313110
1101314100
1101314110
1101410000
1101410100
1101410110
1101411000
1101411100
1101411110
1101412100
1101412110
1101413100
1101413110
1101414100
1101414110
1110000000
1110000100
1110000110
1110001000
1110001100
1110001110
1110010000
1110010100
1110010110
1110011000
1110011100
1110011110
1110012100
1110012110
1110013100
1110013110
1110014100
1110014110
1110100000
1110100100
1110100110
1110101000
1110101100
1110101110
1110110000
1110110100
1110110110
1110111000
1110111100
1110111110
1110112100
1110112110
1110113100
1110113110
1110114100
1110114110
1111000000
1111000100
1111000110
1111001000
1111001100
1111001110
1111010000
1111010100
1111010110
1111011000
1111011100
1111011110
1111012100
1111012110
1111013100
1111013110
1111014100
1111014110
1111100000
1111100100
1111100110
1111101000
1111101100
1111101110
1111110000
1111110100
1111110110
1111111000
1111111100
1111111110
1111112100
1111112110
1111113100
1111113110
1111114100
1111114110
1111210000
1111210100
1111210110
1111211000
1111211100
1111211110
1111212100
1111212110
1111213100
1111213110
1111214100
1111214110
1111310000
1111310100
1111310110
1111311000
1111311100
1111311110
1111312100
1111312110
1111313100
1111313110
1111314100
1111314110
1111410000
1111410100
1111410110
1111411000
1111411100
1111411110
1111412100
1111412110
1111413100
1111413110
1111414100
1111414110
1121000000
1121000100
1121000110
1121001000
1121001100
1121001110
1121010000
1121010100
1121010110
1121011000
1121011100
1121011110
1121012100
1121012110
1121013100
1121013110
1121014100
1121014110
1121100000
1121100100
1121100110
1121101000
1121101100
1121101110
1121110000
1121110100
1121110110
1121111000
1121111100
1121111110
1121112100
1121112110
1121113100
1121113110
1121114100
1121114110
1121210000
1121210100
1121210110
1121211000
1121211100
1121211110
1121212100
1121212110
1121213100
1121213110
1121214100
1121214110
1121310000
1121310100
1121310110
1121311000
1121311100
1121311110
1121312100
1121312110
1121313100
1121313110
1121314100
1121314110
1121410000
1121410100
1121410110
1121411000
1121411100
1121411110
1121412100
1121412110
1121413100
1121413110
1121414100
1121414110
1131000000
1131000100
1131000110
1131001000
1131001100
1131001110
1131010000
1131010100
1131010110
1131011000
1131011100
1131011110
1131012100
1131012110
1131013100
1131013110
1131014100
1131014110
1131100000
1131100100
1131100110
1131101000
1131101100
1131101110
1131110000
1131110100
1131110110
1131111000
1131111100
1131111110
1131112100
1131112110
1131113100
1131113110
1131114100
1131114110
1131210000
1131210100
1131210110
1131211000
1131211100
1131211110
1131212100
1131212110
1131213100
1131213110
1131214100
1131214110
1131310000
1131310100
1131310110
1131311000
1131311100
1131311110
1131312100
1131312110
1131313100
1131313110
1131314100
1131314110
1131410000
1131410100
1131410110
1131411000
1131411100
1131411110
1131412100
1131412110
1131413100
1131413110
1131414100
1131414110
1141000000
1141000100
1141000110
1141001000
1141001100
1141001110
1141010000
1141010100
1141010110
1141011000
1141011100
1141011110
1141012100
1141012110
1141013100
1141013110
1141014100
1141014110
1141100000
1141100100
1141100110
1141101000
1141101100
1141101110
1141110000
1141110100
1141110110
1141111000
1141111100
1141111110
1141112100
1141112110
1141113100
1141113110
1141114100
1141114110
1141210000
1141210100
1141210110
1141211000
1141211100
1141211110
1141212100
1141212110
1141213100
1141213110
1141214100
1141214110
1141310000
1141310100
1141310110
1141311000
1141311100
1141311110
1141312100
1141312110
1141313100
1141313110
1141314100
1141314110
1141410000
1141410100
1141410110
1141411000
1141411100
1141411110
1141412100
1141412110
1141413100
1141413110
1141414100
1141414110
2100000000
2100000100
2100000110
2100001000
2100001100
2100001110
2100010000
2100010100
2100010110
2100011000
2100011100
2100011110
2100012100
2100012110
2100013100
2100013110
2100014100
2100014110
2100100000
2100100100
2100100110
2100101000
2100101100
2100101110
2100110000
2100110100
2100110110
2100111000
2100111100
2100111110
2100112100
2100112110
2100113100
2100113110
2100114100
2100114110
2101000000
2101000100
2101000110
2101001000
2101001100
2101001110
2101010000
2101010100
2101010110
2101011000
2101011100
2101011110
2101012100
2101012110
2101013100
2101013110
2101014100
2101014110
2101100000
2101100100
2101100110
2101101000
2101101100
2101101110
2101110000
2101110100
2101110110
2101111000
2101111100
2101111110
2101112100
2101112110
2101113100
2101113110
2101114100
2101114110
2101210000
2101210100
2101210110
2101211000
2101211100
2101211110
2101212100
2101212110
2101213100
2101213110
2101214100
2101214110
2101310000
2101310100
2101310110
2101311000
2101311100
2101311110
2101312100
2101312110
2101313100
2101313110
2101314100
2101314110
2101410000
2101410100
2101410110
2101411000
2101411100
2101411110
2101412100
2101412110
2101413100
2101413110
2101414100
2101414110
2110000000
2110000100
2110000110
2110001000
2110001100
2110001110
2110010000
2110010100
2110010110
2110011000
2110011100
2110011110
2110012100
2110012110
2110013100
2110013110
2110014100
2110014110
2110100000
2110100100
2110100110
2110101000
2110101100
2110101110
2110110000
2110110100
2110110110
2110111000
2110111100
2110111110
2110112100
2110112110
2110113100
2110113110
2110114100
2110114110
2111000000
2111000100
2111000110
2111001000
2111001100
2111001110
2111010000
2111010100
2111010110
2111011000
2111011100
2111011110
2111012100
2111012110
2111013100
2111013110
2111014100
2111014110
2111100000
2111100100
2111100110
2111101000
2111101100
2111101110
2111110000
2111110100
2111110110
2111111000
2111111100
2111111110
2111112100
2111112110
2111113100
2111113110
2111114100
2111114110
2111210000
2111210100
2111210110
2111211000
2111211100
2111211110
2111212100
2111212110
2111213100
2111213110
2111214100
2111214110
2111310000
2111310100
2111310110
2111311000
2111311100
2111311110
2111312100
2111312110
2111313100
2111313110
2111314100
2111314110
2111410000
2111410100
2111410110
2111411000
2111411100
2111411110
2111412100
2111412110
2111413100
2111413110
2111414100
2111414110
2121000000
2121000100
2121000110
2121001000
2121001100
2121001110
2121010000
2121010100
2121010110
2121011000
2121011100
2121011110
2121012100
2121012110
2121013100
2121013110
2121014100
2121014110
2121100000
2121100100
2121100110
2121101000
2121101100
2121101110
2121110000
2121110100
2121110110
2121111000
2121111100
2121111110
2121112100
2121112110
2121113100
2121113110
2121114100
2121114110
2121210000
2121210100
2121210110
2121211000
2121211100
2121211110
2121212100
2121212110
2121213100
2121213110
2121214100
2121214110
2121310000
2121310100
2121310110
2121311000
2121311100
2121311110
2121312100
2121312110
2121313100
2121313110
2121314100
2121314110
2121410000
2121410100
2121410110
2121411000
2121411100
2121411110
2121412100
2121412110
2121413100
2121413110
2121414100
2121414110
2131000000
2131000100
2131000110
2131001000
2131001100
2131001110
2131010000
2131010100
2131010110
2131011000
2131011100
2131011110
2131012100
2131012110
2131013100
2131013110
2131014100
2131014110
2131100000
2131100100
2131100110
2131101000
2131101100
2131101110
2131110000
2131110100
2131110110
2131111000
2131111100
2131111110
2131112100
2131112110
2131113100
2131113110
2131114100
2131114110
2131210000
2131210100
2131210110
2131211000
2131211100
2131211110
2131212100
2131212110
2131213100
2131213110
2131214100
2131214110
2131310000
2131310100
2131310110
2131311000
2131311100
2131311110
2131312100
2131312110
2131313100
2131313110
2131314100
2131314110
2131410000
2131410100
2131410110
2131411000
2131411100
2131411110
2131412100
2131412110
2131413100
2131413110
2131414100
2131414110
2141000000
2141000100
2141000110
2141001000
2141001100
2141001110
2141010000
2141010100
2141010110
2141011000
2141011100
2141011110
2141012100
2141012110
2141013100
2141013110
2141014100
2141014110
2141100000
2141100100
2141100110
2141101000
2141101100
2141101110
2141110000
2141110100
2141110110
2141111000
2141111100
2141111110
2141112100
2141112110
2141113100
2141113110
2141114100
2141114110
2141210000
2141210100
2141210110
2141211000
2141211100
2141211110
2141212100
2141212110
2141213100
2141213110
2141214100
2141214110
2141310000
2141310100
2141310110
2141311000
2141311100
2141311110
2141312100
2141312110
2141313100
2141313110
2141314100
2141314110
2141410000
2141410100
2141410110
2141411000
2141411100
2141411110
2141412100
2141412110
2141413100
2141413110
2141414100
2141414110
3100000000
3100000100
3100000110
3100001000
3100001100
3100001110
3100010000
3100010100
3100010110
3100011000
3100011100
3100011110
3100012100
3100012110
3100013100
3100013110
3100014100
3100014110
3100100000
3100100100
3100100110
3100101000
3100101100
3100101110
3100110000
3100110100
3100110110
3100111000
3100111100
3100111110
3100112100
3100112110
3100113100
3100113110
3100114100
3100114110
3101000000
3101000100
3101000110
3101001000
3101001100
3101001110
3101010000
3101010100
3101010110
3101011000
3101011100
3101011110
3101012100
3101012110
3101013100
3101013110
3101014100
3101014110
3101100000
3101100100
3101100110
3101101000
3101101100
3101101110
3101110000
3101110100
3101110110
3101111000
3101111100
3101111110
3101112100
3101112110
3101113100
3101113110
3101114100
3101114110
3101210000
3101210100
3101210110
3101211000
3101211100
3101211110
3101212100
3101212110
3101213100
3101213110
3101214100
3101214110
3101310000
3101310100
3101310110
3101311000
3101311100
3101311110
3101312100
3101312110
3101313100
3101313110
3101314100
3101314110
3101410000
3101410100
3101410110
3101411000
3101411100
3101411110
3101412100
3101412110
3101413100
3101413110
3101414100
3101414110
3110000000
3110000100
3110000110
3110001000
3110001100
3110001110
3110010000
3110010100
3110010110
3110011000
3110011100
3110011110
3110012100
3110012110
3110013100
3110013110
3110014100
3110014110
3110100000
3110100100
3110100110
3110101000
3110101100
3110101110
3110110000
3110110100
3110110110
3110111000
3110111100
3110111110
3110112100
3110112110
3110113100
3110113110
3110114100
3110114110
3111000000
3111000100
3111000110
3111001000
3111001100
3111001110
3111010000
3111010100
3111010110
3111011000
3111011100
3111011110
3111012100
3111012110
3111013100
3111013110
3111014100
3111014110
3111100000
3111100100
3111100110
3111101000
3111101100
3111101110
3111110000
3111110100
3111110110
3111111000
3111111100
3111111110
3111112100
3111112110
3111113100
3111113110
3111114100
3111114110
3111210000
3111210100
3111210110
3111211000
3111211100
3111211110
3111212100
3111212110
3111213100
3111213110
3111214100
3111214110
3111310000
3111310100
3111310110
3111311000
3111311100
3111311110
3111312100
3111312110
3111313100
3111313110
3111314100
3111314110
3111410000
3111410100
3111410110
3111411000
3111411100
3111411110
3111412100
3111412110
3111413100
3111413110
3111414100
3111414110
3121000000
3121000100
3121000110
3121001000
3121001100
3121001110
3121010000
3121010100
3121010110
3121011000
3121011100
3121011110
3121012100
3121012110
3121013100
3121013110
3121014100
3121014110
3121100000
3121100100
3121100110
3121101000
3121101100
3121101110
3121110000
3121110100
3121110110
3121111000
3121111100
3121111110
3121112100
3121112110
3121113100
3121113110
3121114100
3121114110
3121210000
3121210100
3121210110
3121211000
3121211100
3121211110
3121212100
3121212110
3121213100
3121213110
3121214100
3121214110
3121310000
3121310100
3121310110
3121311000
3121311100
3121311110
3121312100
3121312110
3121313100
3121313110
3121314100
3121314110
3121410000
3121410100
3121410110
3121411000
3121411100
3121411110
3121412100
3121412110
3121413100
3121413110
3121414100
3121414110
3131000000
3131000100
3131000110
3131001000
3131001100
3131001110
3131010000
3131010100
3131010110
3131011000
3131011100
3131011110
3131012100
3131012110
3131013100
3131013110
3131014100
3131014110
3131100000
3131100100
3131100110
3131101000
3131101100
3131101110
3131110000
3131110100
3131110110
3131111000
3131111100
3131111110
3131112100
3131112110
3131113100
3131113110
3131114100
3131114110
3131210000
3131210100
3131210110
3131211000
3131211100
3131211110
3131212100
3131212110
3131213100
3131213110
3131214100
3131214110
3131310000
3131310100
3131310110
3131311000
3131311100
3131311110
3131312100
3131312110
3131313100
3131313110
3131314100
3131314110
3131410000
3131410100
3131410110
3131411000
3131411100
3131411110
3131412100
3131412110
3131413100
3131413110
3131414100
3131414110
3141000000
3141000100
3141000110
3141001000
3141001100
3141001110
3141010000
3141010100
3141010110
3141011000
3141011100
3141011110
3141012100
3141012110
3141013100
3141013110
3141014100
3141014110
3141100000
3141100100
3141100110
3141101000
3141101100
3141101110
3141110000
3141110100
3141110110
3141111000
3141111100
3141111110
3141112100
3141112110
3141113100
3141113110
3141114100
3141114110
3141210000
3141210100
3141210110
3141211000
3141211100
3141211110
3141212100
3141212110
3141213100
3141213110
3141214100
3141214110
3141310000
3141310100
3141310110
3141311000
3141311100
3141311110
3141312100
3141312110
3141313100
3141313110
3141314100
3141314110
3141410000
3141410100
3141410110
3141411000
3141411100
3141411110
3141412100
3141412110
3141413100
3141413110
3141414100
3141414110
4100000000
4100000100
4100000110
4100001000
4100001100
4100001110
4100010000
4100010100
4100010110
4100011000
4100011100
4100011110
4100012100
4100012110
4100013100
4100013110
4100014100
4100014110
4100100000
4100100100
4100100110
4100101000
4100101100
4100101110
4100110000
4100110100
4100110110
4100111000
4100111100
4100111110
4100112100
4100112110
4100113100
4100113110
4100114100
4100114110
4101000000
4101000100
4101000110
4101001000
4101001100
4101001110
4101010000
4101010100
4101010110
4101011000
4101011100
4101011110
4101012100
4101012110
4101013100
4101013110
4101014100
4101014110
4101100000
4101100100
4101100110
4101101000
4101101100
4101101110
4101110000
4101110100
4101110110
4101111000
4101111100
4101111110
4101112100
4101112110
4101113100
4101113110
4101114100
4101114110
4101210000
4101210100
4101210110
4101211000
4101211100
4101211110
4101212100
4101212110
4101213100
4101213110
4101214100
4101214110
4101310000
4101310100
4101310110
4101311000
4101311100
4101311110
4101312100
4101312110
4101313100
4101313110
4101314100
4101314110
4110000000
4110000100
4110000110
4110001000
4110001100
4110001110
4110010000
4110010100
4110010110
4110011000
4110011100
4110011110
4110012100
4110012110
4110013100
4110013110
4110014100
4110014110
4110100000
4110100100
4110100110
4110101000
4110101100
4110101110
4110110000
4110110100
4110110110
4110111000
4110111100
4110111110
4110112100
4110112110
4110113100
4110113110
4110114100
4110114110
4111000000
4111000100
4111000110
4111001000
4111001100
4111001110
4111010000
4111010100
4111010110
4111011000
4111011100
4111011110
4111012100
4111012110
4111013100
4111013110
4111014100
4111014110
4111100000
4111100100
4111100110
4111101000
4111101100
4111101110
4111110000
4111110100
4111110110
4111111000
4111111100
4111111110
4111112100
4111112110
4111113100
4111113110
4111114100
4111114110
4111210000
4111210100
4111210110
4111211000
4111211100
4111211110
4111212100
4111212110
4111213100
4111213110
4111214100
4111214110
4111310000
4111310100
4111310110
4111311000
4111311100
4111311110
4111312100
4111312110
4111313100
4111313110
4111314100
4111314110
4111410000
4111410100
4111410110
4111411000
4111411100
4111411110
4111412100
4111412110
4111413100
4111413110
4111414100
4111414110
4121000000
4121000100
4121000110
4121001000
4121001100
4121001110
4121010000
4121010100
4121010110
4121011000
4121011100
4121011110
4121012100
4121012110
4121013100
4121013110
4121014100
4121014110
4121100000
4121100100
4121100110
4121101000
4121101100
4121101110
4121110000
4121110100
4121110110
4121111000
4121111100
4121111110
4121112100
4121112110
4121113100
4121113110
4121114100
4121114110
4121210000
4121210100
4121210110
4121211000
4121211100
4121211110
4121212100
4121212110
4121213100
4121213110
4121214100
4121214110
4121310000
4121310100
4121310110
4121311000
4121311100
4121311110
4121312100
4121312110
4121313100
4121313110
4121314100
4121314110
4121410000
4121410100
4121410110
4121411000
4121411100
4121411110
4121412100
4121412110
4121413100
4121413110
4121414100
4121414110
4131000000
4131000100
4131000110
4131001000
4131001100
4131001110
4131010000
4131010100
4131010110
4131011000
4131011100
4131011110
4131012100
4131012110
4131013100
4131013110
4131014100
4131014110
4131100000
4131100100
4131100110
4131101000
4131101100
4131101110
4131110000
4131110100
4131110110
4131111000
4131111100
4131111110
4131112100
4131112110
4131113100
4131113110
4131114100
4131114110
4131210000
4131210100
4131210110
4131211000
4131211100
4131211110
4131212100
4131212110
4131213100
4131213110
4131214100
4131214110
4131310000
4131310100
4131310110
4131311000
4131311100
4131311110
4131312100
4131312110
4131313100
4131313110
4131314100
4131314110
4141000000
4141000100
4141000110
4141001000
4141001100
4141001110
4141010000
4141010100
4141010110
4141011000
4141011100
4141011110
4141012100
4141012110
4141013100
4141013110
4141014100
4141014110
4141100000
4141100100
4141100110
4141101000
4141101100
4141101110
4141110000
4141110100
4141110110
4141111000
4141111100
4141111110
4141112100
4141112110
4141113100
4141113110
4141114100
4141114110
4141210000
4141210100
4141210110
4141211000
4141211100
4141211110
4141212100
4141212110
4141213100
4141213110
4141214100
4141214110
4141310000
4141310100
4141310110
4141311000
4141311100
4141311110
4141312100
4141312110
4141313100
4141313110
4141314100
4141314110
4141410000
4141410100
4141410110
4141411000
4141411100
4141411110
4141412100
4141412110
4141413100
4141413110
4141414100
4141414110
